recieved=72744 KB rate=23.786836 Mbps
sent=72745 KB rate=23.776843 Mbps
