recieved=25081 KB
rate=7.296080 Mbps
sent=25082 KB 
rate=7.263699 Mbps
