recieved=72809 KB
rate=23.764080 Mbps
sent=72810 KB 
rate=23.754282 Mbps
