sent=40134 KB rate=11.577191 Mbps
sent=25082 KB rate=7.213289 Mbps
