recieved=57075 KB rate=18.764467 Mbps
sent=57076 KB rate=18.671047 Mbps
