recieved=72933 KB
rate=22.731047 Mbps
sent=72934 KB 
rate=22.722196 Mbps
