recieved=41958 KB
rate=13.727281 Mbps
sent=41959 KB 
rate=13.709685 Mbps
