recieved=85485 KB
rate=28.307925 Mbps
sent=85486 KB 
rate=28.237720 Mbps
