rate=10.439510 Mbps
rate=10.386018 Mbps
