rate=7.316942 Mbps
rate=7.284596 Mbps
