recieved=33031 KB
rate=10.471486 Mbps
sent=33032 KB 
rate=10.413403 Mbps
