recieved=57075 KB
rate=18.769061 Mbps
sent=57076 KB 
rate=18.674263 Mbps
