recieved=106271 KB
rate=37.040957 Mbps
sent=106272 KB 
rate=37.008372 Mbps
