recieved=57205 KB
rate=18.788336 Mbps
sent=57206 KB 
rate=18.726865 Mbps
