recieved=17653 KB
rate=5.105787 Mbps
sent=17654 KB 
rate=5.083085 Mbps
