rate=23.839713 Mbps
rate=23.829707 Mbps
